cisa_kev: false
created_at: '2026-07-20T19:52:28.783578Z'
cvss_score: 5.4
fix_observed_at: '2026-07-20T19:52:28.783578Z'
fixed: true
fixed_versions:
- 'cri-o-debuginfo: 0:1.29.13-9.rhaos4.16.git6cc30d2.el8'
- 'cri-o-debuginfo: 0:1.29.13-9.rhaos4.16.git6cc30d2.el9'
- 'cri-o-debugsource: 0:1.29.13-9.rhaos4.16.git6cc30d2.el8'
- 'cri-o-debugsource: 0:1.29.13-9.rhaos4.16.git6cc30d2.el9'
- 'cri-o: 0:1.29.13-9.rhaos4.16.git6cc30d2.el8'
- 'cri-o: 0:1.29.13-9.rhaos4.16.git6cc30d2.el9'
- 'cri-tools-debuginfo: 0:1.29.0-7.el8'
- 'cri-tools-debuginfo: 0:1.29.0-7.el9'
- 'cri-tools-debugsource: 0:1.29.0-7.el8'
- 'cri-tools-debugsource: 0:1.29.0-7.el9'
- 'cri-tools: 0:1.29.0-7.el8'
- 'cri-tools: 0:1.29.0-7.el9'
- 'openshift-clients-redistributable: 0:4.16.0-202507050035.p0.gee354f6.assembly.stream.el8'
- 'openshift-clients-redistributable: 0:4.16.0-202507050035.p0.gee354f6.assembly.stream.el9'
- 'openshift-clients: 0:4.16.0-202507050035.p0.gee354f6.assembly.stream.el8'
- 'openshift-clients: 0:4.16.0-202507050035.p0.gee354f6.assembly.stream.el9'
- 'openshift-hyperkube: 0:4.16.0-202507092005.p0.ga6b193c.assembly.stream.el8'
- 'openshift-hyperkube: 0:4.16.0-202507092005.p0.ga6b193c.assembly.stream.el9'
- 'openshift-kube-apiserver: 0:4.16.0-202507092005.p0.ga6b193c.assembly.stream.el8'
- 'openshift-kube-apiserver: 0:4.16.0-202507092005.p0.ga6b193c.assembly.stream.el9'
- 'openshift-kube-controller-manager: 0:4.16.0-202507092005.p0.ga6b193c.assembly.stream.el8'
- 'openshift-kube-controller-manager: 0:4.16.0-202507092005.p0.ga6b193c.assembly.stream.el9'
- 'openshift-kube-scheduler: 0:4.16.0-202507092005.p0.ga6b193c.assembly.stream.el8'
- 'openshift-kube-scheduler: 0:4.16.0-202507092005.p0.ga6b193c.assembly.stream.el9'
- 'openshift-kubelet: 0:4.16.0-202507092005.p0.ga6b193c.assembly.stream.el8'
- 'openshift-kubelet: 0:4.16.0-202507092005.p0.ga6b193c.assembly.stream.el9'
- 'openshift: 0:4.16.0-202507092005.p0.ga6b193c.assembly.stream.el8'
- 'openshift: 0:4.16.0-202507092005.p0.ga6b193c.assembly.stream.el9'
- 'ose-aws-ecr-image-credential-provider: 0:4.16.0-202507050035.p0.ga53e9de.assembly.stream.el8'
- 'ose-aws-ecr-image-credential-provider: 0:4.16.0-202507050035.p0.ga53e9de.assembly.stream.el9'
- 'ose-azure-acr-image-credential-provider: 0:4.16.0-202507050035.p0.ge5bac33.assembly.stream.el8'
- 'ose-azure-acr-image-credential-provider: 0:4.16.0-202507050035.p0.ge5bac33.assembly.stream.el9'
- 'ose-gcp-gcr-image-credential-provider: 0:4.16.0-202507050035.p0.g26b43df.assembly.stream.el8'
- 'ose-gcp-gcr-image-credential-provider: 0:4.16.0-202507050035.p0.g26b43df.assembly.stream.el9'
- 'skopeo-debuginfo: 2:1.14.5-4.rhaos4.16.el9'
- 'skopeo-debugsource: 2:1.14.5-4.rhaos4.16.el9'
- 'skopeo-tests: 2:1.14.5-4.rhaos4.16.el8'
- 'skopeo-tests: 2:1.14.5-4.rhaos4.16.el9'
- 'skopeo: 2:1.14.5-4.rhaos4.16.el8'
- 'skopeo: 2:1.14.5-4.rhaos4.16.el9'
known_exploited: false
poc_public: false
priority: INFO
products:
- cri-o
- cri-o-debuginfo
- cri-o-debugsource
- cri-tools
- cri-tools-debuginfo
- cri-tools-debugsource
- openshift
- openshift-clients
- openshift-clients-redistributable
- openshift-hyperkube
- openshift-kube-apiserver
- openshift-kube-controller-manager
- openshift-kube-scheduler
- openshift-kubelet
- ose-aws-ecr-image-credential-provider
- ose-azure-acr-image-credential-provider
- ose-gcp-gcr-image-credential-provider
- skopeo
- skopeo-debuginfo
- skopeo-debugsource
- skopeo-tests
published_at: '2025-07-19T10:02:04Z'
schema_version: 1
sources:
- canonical_id: osv:rhsa-2025-10782
  first_seen_at: '2026-07-20T19:52:28.783578Z'
  last_seen_at: '2026-07-20T19:52:28.783578Z'
  source_id: osv
  status: active
  url: https://access.redhat.com/errata/RHSA-2025:10782
  vendor: OSV
status: active
title: 'Red Hat Security Advisory: OpenShift Container Platform 4.16.44 packages and
  security update'
updated_at: '2026-07-20T19:52:28.783578Z'
vendors:
- OSV
vuln_id: VW-2025-1173
