cisa_kev: false
created_at: '2026-07-20T19:52:28.783578Z'
cvss_score: 8.2
fix_observed_at: '2026-07-20T19:52:28.783578Z'
fixed: true
fixed_versions:
- 'buildah-debuginfo: 1:1.29.1-1.rhaos4.13.el9'
- 'buildah-debugsource: 1:1.29.1-1.rhaos4.13.el9'
- 'buildah-tests-debuginfo: 1:1.29.1-1.rhaos4.13.el9'
- 'buildah-tests: 1:1.29.1-1.rhaos4.13.el9'
- 'buildah: 1:1.29.1-1.rhaos4.13.el9'
- 'cri-o-debuginfo: 0:1.26.3-3.rhaos4.13.git641290e.el9'
- 'cri-o-debugsource: 0:1.26.3-3.rhaos4.13.git641290e.el9'
- 'cri-o: 0:1.26.3-3.rhaos4.13.git641290e.el9'
- 'haproxy-debugsource: 0:2.2.24-3.rhaos4.13.el8'
- 'haproxy22-debuginfo: 0:2.2.24-3.rhaos4.13.el8'
- 'haproxy22: 0:2.2.24-3.rhaos4.13.el8'
- 'haproxy: 0:2.2.24-3.rhaos4.13.el8'
- 'openshift-clients-redistributable: 0:4.13.0-202303241616.p0.g92b1a3d.assembly.stream.el8'
- 'openshift-clients-redistributable: 0:4.13.0-202303241616.p0.g92b1a3d.assembly.stream.el9'
- 'openshift-clients: 0:4.13.0-202303241616.p0.g92b1a3d.assembly.stream.el8'
- 'openshift-clients: 0:4.13.0-202303241616.p0.g92b1a3d.assembly.stream.el9'
- 'openshift-hyperkube: 0:4.13.0-202304211155.p0.gb404935.assembly.stream.el8'
- 'openshift-hyperkube: 0:4.13.0-202304211155.p0.gb404935.assembly.stream.el9'
- 'openshift: 0:4.13.0-202304211155.p0.gb404935.assembly.stream.el8'
- 'openshift: 0:4.13.0-202304211155.p0.gb404935.assembly.stream.el9'
- 'podman-catatonit-debuginfo: 3:4.4.1-3.rhaos4.13.el8'
- 'podman-catatonit: 3:4.4.1-3.rhaos4.13.el8'
- 'podman-debuginfo: 3:4.4.1-3.rhaos4.13.el8'
- 'podman-debuginfo: 3:4.4.1-3.rhaos4.13.el9'
- 'podman-debugsource: 3:4.4.1-3.rhaos4.13.el8'
- 'podman-debugsource: 3:4.4.1-3.rhaos4.13.el9'
- 'podman-docker: 3:4.4.1-3.rhaos4.13.el8'
- 'podman-docker: 3:4.4.1-3.rhaos4.13.el9'
- 'podman-gvproxy-debuginfo: 3:4.4.1-3.rhaos4.13.el8'
- 'podman-gvproxy-debuginfo: 3:4.4.1-3.rhaos4.13.el9'
- 'podman-gvproxy: 3:4.4.1-3.rhaos4.13.el8'
- 'podman-gvproxy: 3:4.4.1-3.rhaos4.13.el9'
- 'podman-plugins-debuginfo: 3:4.4.1-3.rhaos4.13.el8'
- 'podman-plugins-debuginfo: 3:4.4.1-3.rhaos4.13.el9'
- 'podman-plugins: 3:4.4.1-3.rhaos4.13.el8'
- 'podman-plugins: 3:4.4.1-3.rhaos4.13.el9'
- 'podman-remote-debuginfo: 3:4.4.1-3.rhaos4.13.el8'
- 'podman-remote-debuginfo: 3:4.4.1-3.rhaos4.13.el9'
- 'podman-remote: 3:4.4.1-3.rhaos4.13.el8'
- 'podman-remote: 3:4.4.1-3.rhaos4.13.el9'
- 'podman-tests: 3:4.4.1-3.rhaos4.13.el8'
- 'podman-tests: 3:4.4.1-3.rhaos4.13.el9'
- 'podman: 3:4.4.1-3.rhaos4.13.el8'
- 'podman: 3:4.4.1-3.rhaos4.13.el9'
- 'python-werkzeug: 0:1.0.1-3.el8ost'
- 'python-werkzeug: 0:2.0.3-4.el9'
- 'python3-werkzeug: 0:1.0.1-3.el8ost'
- 'python3-werkzeug: 0:2.0.3-4.el9'
- 'skopeo-debuginfo: 2:1.10.0-1.rhaos4.13.el9'
- 'skopeo-debugsource: 2:1.10.0-1.rhaos4.13.el9'
- 'skopeo-tests: 2:1.10.0-1.rhaos4.13.el9'
- 'skopeo: 2:1.10.0-1.rhaos4.13.el9'
known_exploited: false
poc_public: false
priority: INFO
products:
- buildah
- buildah-debuginfo
- buildah-debugsource
- buildah-tests
- buildah-tests-debuginfo
- cri-o
- cri-o-debuginfo
- cri-o-debugsource
- haproxy
- haproxy-debugsource
- haproxy22
- haproxy22-debuginfo
- openshift
- openshift-clients
- openshift-clients-redistributable
- openshift-hyperkube
- podman
- podman-catatonit
- podman-catatonit-debuginfo
- podman-debuginfo
- podman-debugsource
- podman-docker
- podman-gvproxy
- podman-gvproxy-debuginfo
- podman-plugins
- podman-plugins-debuginfo
- podman-remote
- podman-remote-debuginfo
- podman-tests
- python-werkzeug
- python3-werkzeug
- skopeo
- skopeo-debuginfo
- skopeo-debugsource
- skopeo-tests
published_at: '2024-10-02T00:13:13Z'
schema_version: 1
sources:
- canonical_id: osv:rhsa-2023-1325
  first_seen_at: '2026-07-20T19:52:28.783578Z'
  last_seen_at: '2026-07-20T19:52:28.783578Z'
  source_id: osv
  status: active
  url: https://access.redhat.com/errata/RHSA-2023:1325
  vendor: OSV
status: active
title: 'Red Hat Security Advisory: OpenShift Container Platform 4.13.0 security update'
updated_at: '2026-07-20T19:52:28.783578Z'
vendors:
- OSV
vuln_id: VW-2024-1197
